!Crafting Reagents of the "Jewelcrafting" category
#Crafting Reagents of the "Jewelcrafting" category
$514DFA
192833
192834
192835
192836
192837
192838
192839
192840
192841
192842
192843
192844
192845
192846
192847
192848
192849
192850
192851
192852
192853
192855
192856
192857
192858
192859
192860
192861
192862
192863
192865
192866
192867
192868
192869
192870
192871
192872
192876
192877
192878
192880
192883
192884
192885
192888
192889
192890
192891
192892
192893
192894
192895
192896
192897
192898
192899
193029
193030
193031
193368
193369
193370
198397
200156
202048
202049
202050
202051
202052
202053
202054
202055
202056
202057
202058
202059
