!Drakewatcher Manuscripts for learning new customizations for your Dragonriding mounts
#Drakewatcher Manuscripts for learning new customizations for your Dragonriding mounts
$33937F
192111
192523
196961
196962
196963
196964
196965
196966
196967
196968
196969
196970
196971
196972
196973
196974
196975
196976
196977
196978
196979
196980
196981
196982
196983
196984
196985
196986
196987
196988
196989
196990
196991
196992
196993
196994
196995
196996
196997
196998
196999
197000
197001
197002
197003
197004
197005
197006
197007
197008
197009
197010
197011
197012
197013
197014
197015
197016
197017
197018
197019
197020
197021
197022
197023
197090
197091
197093
197094
197095
197096
197097
197098
197099
197100
197101
197102
197103
197104
197105
197106
197107
197108
197109
197110
197111
197112
197113
197114
197115
197116
197117
197118
197119
197120
197121
197122
197123
197124
197125
197126
197127
197128
197129
197130
197131
197132
197133
197134
197135
197136
197137
197138
197139
197140
197141
197142
197143
197144
197145
197146
197147
197148
197149
197150
197151
197152
197153
197154
197155
197156
197346
197347
197348
197349
197350
197351
197352
197353
197354
197355
197356
197357
197358
197359
197360
197361
197362
197363
197364
197365
197366
197367
197368
197369
197370
197371
197372
197373
197374
197375
197376
197377
197378
197379
197380
197381
197382
197383
197384
197385
197386
197387
197388
197389
197390
197391
197392
197393
197394
197395
197396
197397
197398
197399
197400
197401
197402
197403
197404
197405
197406
197407
197408
197577
197578
197579
197580
197581
197582
197583
197584
197585
197586
197587
197588
197589
197590
197591
197592
197593
197594
197595
197596
197597
197598
197599
197600
197601
197602
197603
197604
197605
197606
197607
197608
197609
197610
197611
197612
197613
197614
197615
197616
197617
197618
197619
197620
197621
197622
197623
197624
197625
197626
197627
197628
197629
197630
197634
197635
197636
199074
201790
201792
