!Food added in the Dragonflight expansion
#Food added in the Dragonflight expansion
$34eb9e
191050
191051
191052
191053
191056
191062
191063
191064
191917
191918
191919
193859
194680
194681
194682
194683
194684
194685
194686
194688
194689
194690
194691
194692
194693
194694
194695
195455
195456
195457
195458
195459
195460
195462
195463
195464
195465
195466
196440
196540
196582
196583
196584
196585
197758
197759
197760
197761
197762
197763
197766
197767
197768
197769
197770
197771
197772
197774
197775
197776
197777
197778
197779
197780
197781
197782
197783
197784
197785
197786
197787
197788
197789
197790
197791
197792
197793
197794
197795
197847
197848
197849
197850
197851
197852
197853
197854
197855
197856
197857
197858
198356
198440
198441
198830
198831
198832
198833
200099
200304
200305
200619
200680
200681
200759
200855
200856
200862
200871
200885
200886
200887
200888
200889
200890
200891
200892
200893
200894
200895
200896
200897
200898
200899
200900
200901
200902
200903
200904
200953
200966
201045
201046
201047
201089
201090
201327
201398
201413
201415
201416
201417
201419
201420
201422
201469
201697
201698
201721
201725
201813
201820
202033
202063
202108
