!Potions added in the Dragonflight expansion
#Potions added in the Dragonflight expansion
$EBB134
191318
191319
191320
191321
191322
191323
191324
191325
191326
191327
191328
191329
191330
191331
191332
191333
191334
191335
191336
191337
191338
191339
191340
191341
191342
191343
191344
191345
191346
191347
191348
191349
191350
191351
191352
191353
191354
191355
191356
191357
191358
191359
191360
191361
191362
191363
191364
191365
191366
191367
191368
191369
191370
191371
191372
191373
191374
191375
191376
191377
191378
191379
191380
191381
191382
191383
191384
191385
191386
191387
191388
191389
191393
191394
191395
191396
191397
191398
191399
191400
191401
191905
191906
191907
191912
191913
191914
194337
195580
197720
197721
197722
198442
200121
201427
201428
201436
201438
