!Gear dropped or bought in the Dragonflight Pre-Patch Event
#Gear dropped or bought in the Dragonflight Pre-Patch Event
$0050A2
199348
199349
199350
199351
199352
199353
199354
199355
199356
199357
199359
199360
199361
199362
199364
199365
199366
199367
199368
199369
199370
199372
199373
199374
199375
199376
199377
199378
199379
199380
199381
199382
199383
199384
199385
199386
199399
199400
199401
199402
199403
199404
199405
199406
199407
199408
199409
199416
199555
199645
199358
199363
199371