!Specialized gear, which improves your profession
#Specialized gear, which improves your profession
$FFD883
191223
191224
191225
191226
191227
191228
191229
191230
191231
191232
191233
191234
191235
191236
191237
191238
191239
191240
191241
191242
191888
193035
193036
193037
193038
193039
193040
193041
193042
193479
193480
193482
193485
193486
193487
193488
193489
193490
193491
193492
193493
193528
193529
193533
193534
193538
193539
193540
193541
193542
193543
193544
193545
193612
193613
193615
193616
194125
194126
194874
194875
198204
198205
198225
198226
198234
198235
198243
198244
198245
198246
198262
198263
198715
198716
201601
