!Items that provide profession knowledge
#Profession Knowledge items - used for Dragonflight's new profession specializations
$33937F
192131
192132
192443
193891
193897
193898
193899
193900
193901
193902
193903
193904
193905
193907
193909
193910
193913
194039
194041
194042
194043
194044
194045
194046
194047
194054
194055
194061
194062
194063
194064
194078
194079
194080
194081
194697
194698
194699
194700
194702
194703
194704
194708
198156
198454
198510
198518
198519
198520
198521
198522
198523
198524
198525
198526
198528
198599
198606
198607
198608
198609
198610
198611
198612
198613
198656
198658
198659
198660
198662
198663
198664
198667
198669
198670
198675
198680
198682
198683
198684
198685
198686
198687
198689
198690
198692
198693
198694
198696
198697
198699
198702
198703
198704
198710
198711
198712
198789
198798
198799
198800
198836
198963
198964
198965
198966
198967
198968
198969
198970
198971
198972
198973
198974
198975
198976
198977
198978
199115
199122
200677
200678
200972
200973
200974
200975
200976
200977
200978
200979
200980
200981
201003
201004
201005
201006
201007
201008
201009
201010
201011
201012
201013
201014
201015
201016
201017
201018
201019
201020
201268
201269
201270
201271
201272
201273
201274
201275
201276
201277
201279
201280
201281
201282
201283
201284
201285
201286
201287
201288
201300
201301
201356
201357
201358
201359
201360
201700
201705
201706
201708
201709
201710
201711
201712
201713
201715
201716
201717
202011
202014
